n.par	n.mom	n.dad	sex.ratio	noff	female.rs	female.sd	females.mates	max.female.mates	male.rs	male.sd	male.mates	max.male.mates	mp.count	mp.rs	type	lost	sim	true.npar	true.noff	true.sr	true.lambda
462	231	231	1	994301	4304.33	1117.28	3.17	8	4304.33	2636.2	3.17	10	733	18.633	Before	0	1	462	500	1	4
389	202	187	0.93	500	2.48	1.27	1.68	6	2.67	1.76	1.82	5	340	0.013	After	393	1	462	500	1	4
185	93	92	0.99	430072	4624.43	1175.5	1.76	5	4674.7	3163.72	1.78	7	164	50.266	Before	0	2	185	500	1	4
177	91	86	0.95	500	5.49	2.57	1.6	4	5.81	4.17	1.7	6	146	0.064	After	18	2	185	500	1	4
305	153	152	0.99	696929	4555.09	1154.56	3.31	8	4585.06	2399.68	3.34	8	507	29.968	Before	0	3	305	500	1	4
283	148	135	0.91	500	3.38	1.8	2.02	4	3.7	2.41	2.21	6	299	0.025	After	208	3	305	500	1	4
344	172	172	1	796127	4628.65	1185.12	3.33	10	4628.65	2958.56	3.33	9	572	26.911	Before	0	4	344	500	1	4
309	161	148	0.92	500	3.11	1.78	1.85	5	3.38	2.31	2.01	6	298	0.021	After	274	4	344	500	1	4
362	181	181	1	802220	4432.15	1201.06	3.3	8	4432.15	2664.84	3.3	9	597	24.487	Before	0	5	362	500	1	4
320	166	154	0.93	500	3.01	1.67	1.84	5	3.25	2.19	1.99	5	306	0.02	After	291	5	362	500	1	4
389	195	194	0.99	876459	4494.66	1184.51	3.25	9	4517.83	2842.04	3.27	9	634	23.168	Before	0	6	389	500	1	4
344	175	169	0.97	500	2.86	1.52	1.81	5	2.96	2.02	1.87	6	316	0.017	After	318	6	389	500	1	4
133	67	66	0.99	291747	4354.43	1235.39	3.24	8	4420.41	2514.47	3.29	8	217	65.976	Before	0	7	133	500	1	4
132	67	65	0.97	500	7.46	3.51	2.67	6	7.69	5.73	2.75	6	179	0.115	After	38	7	133	500	1	4
219	110	109	0.99	497169	4519.72	1295.46	1.68	7	4561.18	3676.46	1.7	6	185	41.465	Before	0	8	219	500	1	4
204	106	98	0.92	500	4.72	2.26	1.51	5	5.1	4.38	1.63	6	160	0.048	After	25	8	219	500	1	4
211	106	105	0.99	481701	4544.35	1343.82	1.8	6	4587.63	3130.88	1.82	5	191	43.28	Before	0	9	211	500	1	4
204	104	100	0.96	500	4.81	2.27	1.62	4	5	3.88	1.69	4	169	0.048	After	22	9	211	500	1	4
493	247	246	1	1119792	4533.57	1170.9	2.44	7	4552	3202.3	2.45	7	602	18.429	Before	0	10	493	500	1	4
395	207	188	0.91	500	2.42	1.52	1.47	4	2.66	1.89	1.62	5	305	0.013	After	297	10	493	500	1	4
450	225	225	1	1019452	4530.9	1144.84	4.23	12	4530.9	2650.1	4.23	10	951	20.137	Before	0	11	450	500	1	4
367	190	177	0.93	500	2.63	1.5	1.86	6	2.82	1.99	2	6	354	0.015	After	597	11	450	500	1	4
302	151	151	1	686249	4544.7	1213.37	3.26	7	4544.7	2759.32	3.26	7	492	30.097	Before	0	12	302	500	1	4
273	140	133	0.95	500	3.57	2.11	2.09	6	3.76	2.6	2.2	5	293	0.027	After	199	12	302	500	1	4
467	234	233	1	1057115	4517.59	1117.1	4.44	10	4536.97	2291.75	4.45	10	1038	19.389	Before	0	13	467	500	1	4
404	208	196	0.94	500	2.4	1.39	1.84	6	2.55	1.62	1.95	6	383	0.012	After	655	13	467	500	1	4
477	239	238	1	1051489	4399.54	1123.17	3.35	8	4418.02	2817.54	3.37	9	801	18.485	Before	0	14	477	500	1	4
403	208	195	0.94	500	2.4	1.37	1.77	4	2.56	1.63	1.89	5	368	0.012	After	433	14	477	500	1	4
293	147	146	0.99	662952	4509.88	1118.24	1.71	5	4540.77	2830.07	1.72	4	251	30.89	Before	0	15	293	500	1	4
271	140	131	0.94	500	3.57	1.84	1.46	4	3.82	2.69	1.56	4	204	0.027	After	47	15	293	500	1	4
104	52	52	1	240166	4618.58	1134.32	3.31	7	4618.58	2648.82	3.31	8	172	88.819	Before	0	16	104	500	1	4
104	52	52	1	500	9.62	4.04	2.92	6	9.62	5.58	2.92	7	152	0.185	After	20	16	104	500	1	4
278	139	139	1	618605	4450.4	1214.36	1.76	4	4450.4	2893.17	1.76	5	244	32.017	Before	0	17	278	500	1	4
254	131	123	0.94	500	3.82	2.35	1.47	4	4.07	3.23	1.56	4	192	0.031	After	52	17	278	500	1	4
394	197	197	1	870976	4421.2	1204.2	3.19	9	4421.2	2797.01	3.19	8	629	22.443	Before	0	18	394	500	1	4
344	182	162	0.89	500	2.75	1.57	1.81	5	3.09	2.14	2.04	6	330	0.017	After	299	18	394	500	1	4
372	186	186	1	849035	4564.7	1149.84	2.33	7	4564.7	3121.63	2.33	6	433	24.541	Before	0	19	372	500	1	4
324	170	154	0.91	500	2.94	1.6	1.58	4	3.25	2.28	1.74	5	268	0.019	After	165	19	372	500	1	4
368	184	184	1	822257	4468.79	1164.17	2.45	6	4468.79	3141.68	2.45	9	450	24.287	Before	0	20	368	500	1	4
325	169	156	0.92	500	2.96	1.63	1.63	5	3.21	2.63	1.76	7	275	0.019	After	175	20	368	500	1	4
73	37	36	0.97	158432	4281.95	1075.11	3.89	8	4400.89	2702.47	4	9	144	118.943	Before	0	21	73	500	1	4
72	37	35	0.95	500	13.51	5.5	3.57	8	14.29	9.68	3.77	7	132	0.386	After	12	21	73	500	1	4
437	219	218	1	940206	4293.18	1115.43	2.4	7	4312.87	2741.78	2.41	6	526	19.693	Before	0	22	437	500	1	4
354	184	170	0.92	500	2.72	1.45	1.56	4	2.94	2.13	1.69	4	287	0.016	After	239	22	437	500	1	4
412	206	206	1	879873	4271.23	1320.53	1.75	12	4271.23	3292.74	1.75	5	360	20.734	Before	0	23	412	500	1	4
338	181	157	0.87	500	2.76	1.64	1.28	3	3.18	2.57	1.48	5	232	0.018	After	128	23	412	500	1	4
250	125	125	1	562476	4499.81	1241.16	3.4	8	4499.81	2670.07	3.4	11	425	35.998	Before	0	24	250	500	1	4
237	119	118	0.99	500	4.2	2.26	2.23	5	4.24	2.92	2.25	8	265	0.036	After	160	24	250	500	1	4
357	179	178	0.99	778445	4348.85	1149.38	4.31	10	4373.29	2632.4	4.34	12	772	24.432	Before	0	25	357	500	1	4
311	162	149	0.92	500	3.09	1.8	2.09	5	3.36	2.19	2.27	6	338	0.021	After	434	25	357	500	1	4
311	156	155	0.99	727091	4660.84	1202.67	3.36	8	4690.91	2720.82	3.38	8	524	30.07	Before	0	26	311	500	1	4
278	143	135	0.94	500	3.5	1.85	2.1	6	3.7	2.29	2.23	6	301	0.026	After	223	26	311	500	1	4
353	177	176	0.99	805953	4553.41	1084.55	4.12	10	4579.28	2771.1	4.15	10	730	25.872	Before	0	27	353	500	1	4
323	163	160	0.98	500	3.07	1.68	2.17	5	3.12	2.21	2.21	6	354	0.019	After	376	27	353	500	1	4
493	247	246	1	1116480	4520.16	1129.33	2.58	7	4538.54	2869.07	2.59	8	637	18.375	Before	0	28	493	500	1	4
414	220	194	0.88	500	2.27	1.22	1.44	5	2.58	1.69	1.63	5	317	0.012	After	320	28	493	500	1	4
421	211	210	1	921377	4366.72	1253.68	1.75	13	4387.51	3207.29	1.76	6	370	20.794	Before	0	29	421	500	1	4
344	186	158	0.85	500	2.69	1.71	1.28	3	3.16	2.26	1.51	5	238	0.017	After	132	29	421	500	1	4
496	248	248	1	1110642	4478.4	1130.7	3.3	9	4478.4	2500.53	3.3	10	819	18.058	Before	0	30	496	500	1	4
404	210	194	0.92	500	2.38	1.5	1.65	5	2.58	1.62	1.78	5	346	0.012	After	473	30	496	500	1	4
447	224	223	1	991621	4426.88	1143.21	3.3	8	4446.73	2889.63	3.31	8	739	19.851	Before	0	31	447	500	1	4
387	202	185	0.92	500	2.48	1.52	1.7	5	2.7	1.79	1.85	5	343	0.013	After	396	31	447	500	1	4
422	211	211	1	938422	4447.5	1065.35	2.49	6	4447.5	3194.04	2.49	7	526	21.078	Before	0	32	422	500	1	4
354	186	168	0.9	500	2.69	1.44	1.59	4	2.98	2.01	1.76	5	296	0.016	After	230	32	422	500	1	4
148	74	74	1	310093	4190.45	1195.43	2.76	6	4190.45	2316.18	2.76	5	204	56.628	Before	0	33	148	500	1	4
144	74	70	0.95	500	6.76	3.81	2.32	5	7.14	4.73	2.46	5	172	0.097	After	32	33	148	500	1	4
495	248	247	1	1086799	4382.25	1307.62	1.69	4	4400	3019.57	1.7	5	419	17.742	Before	0	34	495	500	1	4
394	205	189	0.92	500	2.44	1.4	1.29	3	2.65	1.94	1.4	4	264	0.013	After	155	34	495	500	1	4
451	226	225	1	1002213	4434.57	1169.75	2.54	9	4454.28	2681.82	2.55	6	574	19.709	Before	0	35	451	500	1	4
382	202	180	0.89	500	2.48	1.35	1.59	4	2.78	1.94	1.78	5	321	0.014	After	253	35	451	500	1	4
121	61	60	0.98	254955	4179.59	1524.32	1.74	4	4249.25	2931.28	1.77	4	106	69.66	Before	0	36	121	500	1	4
112	58	54	0.93	500	8.62	3.83	1.67	3	9.26	6.14	1.8	4	97	0.16	After	9	36	121	500	1	4
390	195	195	1	867146	4446.9	1155.19	3.48	8	4446.9	2337.8	3.48	7	678	22.805	Before	0	37	390	500	1	4
344	181	163	0.9	500	2.76	1.5	1.83	4	3.07	1.9	2.04	5	332	0.017	After	346	37	390	500	1	4
158	79	79	1	347090	4393.54	1266.87	2.51	6	4393.54	2935.8	2.51	7	198	55.614	Before	0	38	158	500	1	4
155	78	77	0.99	500	6.41	3.11	2.1	5	6.49	4.75	2.13	5	164	0.083	After	34	38	158	500	1	4
433	217	216	1	988987	4557.54	1159.36	2.41	7	4578.64	3034.28	2.42	7	523	21.1	Before	0	39	433	500	1	4
376	193	183	0.95	500	2.59	1.58	1.58	5	2.73	1.86	1.66	4	304	0.014	After	219	39	433	500	1	4
306	153	153	1	714755	4671.6	1148.58	2.5	11	4671.6	3169.74	2.5	7	383	30.533	Before	0	40	306	500	1	4
275	149	126	0.85	500	3.36	1.96	1.72	5	3.97	2.62	2.03	6	256	0.027	After	127	40	306	500	1	4
454	227	227	1	1033976	4554.96	1161.81	4.23	10	4554.96	2507.4	4.23	9	961	20.066	Before	0	41	454	500	1	4
382	197	185	0.94	500	2.54	1.48	1.91	5	2.7	1.77	2.03	6	376	0.014	After	585	41	454	500	1	4
317	159	158	0.99	743918	4678.73	1150.93	4.17	9	4708.34	2488.17	4.2	9	663	29.612	Before	0	42	317	500	1	4
285	148	137	0.93	500	3.38	1.76	2.18	5	3.65	2.24	2.35	6	322	0.025	After	341	42	317	500	1	4
423	212	211	1	984379	4643.3	1139.53	4.27	10	4665.3	2331.86	4.29	9	906	22.006	Before	0	43	423	500	1	4
375	195	180	0.92	500	2.56	1.37	1.81	5	2.78	1.69	1.96	5	353	0.014	After	553	43	423	500	1	4
70	35	35	1	144256	4121.6	1510.81	1.63	4	4121.6	2939.08	1.63	3	57	117.76	Before	0	44	70	500	1	4
68	33	35	1.06	500	15.15	5.32	1.73	4	14.29	11.43	1.63	3	57	0.433	After	0	44	70	500	1	4
229	115	114	0.99	510843	4442.11	1202.01	1.73	4	4481.08	2950.45	1.75	4	199	38.966	Before	0	45	229	500	1	4
217	114	103	0.9	500	4.39	2.22	1.5	4	4.85	3.6	1.66	4	171	0.043	After	28	45	229	500	1	4
158	79	79	1	363090	4596.08	1251.49	1.81	7	4596.08	3206.11	1.81	5	143	58.178	Before	0	46	158	500	1	4
156	78	78	1	500	6.41	2.97	1.68	5	6.41	4.36	1.68	5	131	0.082	After	12	46	158	500	1	4
443	222	221	1	1006770	4535	1164.34	4.28	11	4555.52	2679.02	4.3	12	950	20.52	Before	0	47	443	500	1	4
378	196	182	0.93	500	2.55	1.36	1.9	5	2.75	1.7	2.05	7	373	0.014	After	577	47	443	500	1	4
289	145	144	0.99	656132	4525.05	1194.83	2.54	8	4556.47	2975.36	2.56	9	369	31.424	Before	0	48	289	500	1	4
259	136	123	0.9	500	3.68	1.98	1.77	4	4.07	2.91	1.96	5	241	0.03	After	128	48	289	500	1	4
472	236	236	1	1059329	4488.68	1108.03	1.69	6	4488.68	3157.04	1.69	6	398	19.02	Before	0	49	472	500	1	4
394	204	190	0.93	500	2.45	1.47	1.32	4	2.63	1.76	1.42	5	269	0.013	After	129	49	472	500	1	4
270	135	135	1	613183	4542.1	1130.36	4.19	9	4542.1	2583.01	4.19	11	566	33.645	Before	0	50	270	500	1	4
264	133	131	0.98	500	3.76	1.89	2.32	6	3.82	2.51	2.35	6	308	0.029	After	258	50	270	500	1	4
206	103	103	1	445294	4323.24	1092.33	3.34	8	4323.24	2728.93	3.34	8	344	41.973	Before	0	51	206	500	1	4
192	100	92	0.92	500	5	2.51	2.36	5	5.43	3.11	2.57	7	236	0.054	After	108	51	206	500	1	4
65	33	32	0.97	139096	4215.03	1041.44	2.45	6	4346.75	3305.2	2.53	6	81	131.72	Before	0	52	65	500	1	4
65	33	32	0.97	500	15.15	5.94	2.45	6	15.62	12.74	2.53	6	81	0.473	After	0	52	65	500	1	4
421	211	210	1	946066	4483.73	1330.16	1.78	7	4505.08	3324.53	1.79	5	375	21.351	Before	0	53	421	500	1	4
349	187	162	0.87	500	2.67	1.66	1.37	3	3.09	2.33	1.59	4	257	0.017	After	118	53	421	500	1	4
288	144	144	1	637109	4424.37	1106.02	3.29	9	4424.37	2769.83	3.29	8	474	30.725	Before	0	54	288	500	1	4
257	136	121	0.89	500	3.68	1.91	2.1	7	4.13	2.66	2.36	6	286	0.03	After	188	54	288	500	1	4
362	181	181	1	787305	4349.75	1142.7	4.08	10	4349.75	2273.36	4.08	9	739	24.032	Before	0	55	362	500	1	4
323	163	160	0.98	500	3.07	1.64	2.09	5	3.12	2.12	2.12	6	340	0.019	After	399	55	362	500	1	4
53	27	26	0.96	124014	4593.11	1214.95	3.19	7	4769.77	3107.48	3.31	7	86	176.658	Before	0	56	53	500	1	4
53	27	26	0.96	500	18.52	5.81	3.07	7	19.23	13.03	3.19	7	83	0.712	After	3	56	53	500	1	4
222	111	111	1	498482	4490.83	1107.47	4.28	10	4490.83	2521.25	4.28	11	475	40.458	Before	0	57	222	500	1	4
214	108	106	0.98	500	4.63	2.15	2.62	6	4.72	2.79	2.67	8	283	0.044	After	192	57	222	500	1	4
48	24	24	1	99105	4129.38	994.99	3.71	7	4129.38	2328.96	3.71	6	89	172.057	Before	0	58	48	500	1	4
48	24	24	1	500	20.83	5.55	3.67	7	20.83	12.19	3.67	6	88	0.868	After	1	58	48	500	1	4
499	250	249	1	1135396	4541.58	1154.09	2.45	8	4559.82	3001.63	2.46	6	612	18.239	Before	0	59	499	500	1	4
405	219	186	0.85	500	2.28	1.27	1.39	5	2.69	1.76	1.63	4	304	0.012	After	308	59	499	500	1	4
306	153	153	1	685327	4479.26	1235.56	2.56	7	4479.26	2980.25	2.56	8	392	29.276	Before	0	60	306	500	1	4
288	149	139	0.93	500	3.36	1.77	1.84	4	3.6	2.67	1.97	8	274	0.024	After	118	60	306	500	1	4
388	194	194	1	872647	4498.18	1095.93	3.33	9	4498.18	2613.09	3.33	7	646	23.186	Before	0	61	388	500	1	4
336	174	162	0.93	500	2.87	1.63	1.86	5	3.09	2.05	1.99	5	323	0.018	After	323	61	388	500	1	4
189	95	94	0.99	448304	4718.99	1122.75	2.55	5	4769.19	3201.04	2.57	7	242	50.202	Before	0	62	189	500	1	4
182	94	88	0.94	500	5.32	2.65	2.07	4	5.68	4.53	2.22	6	195	0.06	After	47	62	189	500	1	4
353	177	176	0.99	788243	4453.35	1194.63	3.22	9	4478.65	3086.97	3.24	8	570	25.303	Before	0	63	353	500	1	4
310	161	149	0.93	500	3.11	1.74	1.91	5	3.36	2.64	2.06	8	307	0.021	After	263	63	353	500	1	4
156	78	78	1	323375	4145.83	1105.4	3.14	6	4145.83	2318.57	3.14	6	245	53.152	Before	0	64	156	500	1	4
156	78	78	1	500	6.41	3.09	2.54	5	6.41	3.82	2.54	5	198	0.082	After	47	64	156	500	1	4
490	245	245	1	1068121	4359.68	1104.02	3.41	10	4359.68	2403	3.41	10	836	17.795	Before	0	65	490	500	1	4
403	203	200	0.99	500	2.46	1.36	1.69	5	2.5	1.67	1.72	6	344	0.012	After	492	65	490	500	1	4
411	206	205	1	943043	4577.88	1188.94	3.37	9	4600.21	2800.11	3.39	9	694	22.331	Before	0	66	411	500	1	4
361	185	176	0.95	500	2.7	1.48	1.77	5	2.84	1.95	1.86	6	328	0.015	After	366	66	411	500	1	4
371	186	185	0.99	819447	4405.63	1351.73	1.61	6	4429.44	3350.74	1.62	4	299	23.814	Before	0	67	371	500	1	4
328	174	154	0.89	500	2.87	1.62	1.3	3	3.25	2.3	1.47	4	227	0.019	After	72	67	371	500	1	4
267	134	133	0.99	590755	4408.62	1142.09	2.48	6	4441.77	3090.17	2.5	8	332	33.148	Before	0	68	267	500	1	4
242	127	115	0.91	500	3.94	2.11	1.76	4	4.35	2.95	1.94	5	223	0.034	After	109	68	267	500	1	4
240	120	120	1	527556	4396.3	1200.97	3.27	7	4396.3	2800.05	3.27	10	392	36.636	Before	0	69	240	500	1	4
228	117	111	0.95	500	4.27	2.3	2.21	6	4.5	3.07	2.32	9	258	0.039	After	134	69	240	500	1	4
211	106	105	0.99	489535	4618.25	1171.87	4.19	9	4662.24	2703.33	4.23	9	444	43.983	Before	0	70	211	500	1	4
203	105	98	0.93	500	4.76	2.22	2.66	7	5.1	3.78	2.85	7	279	0.049	After	165	70	211	500	1	4
92	46	46	1	209861	4562.2	1203.32	3.11	6	4562.2	2796.33	3.11	6	143	99.178	Before	0	71	92	500	1	4
91	46	45	0.98	500	10.87	4.35	3.04	6	11.11	7.32	3.11	6	140	0.242	After	3	71	92	500	1	4
441	221	220	1	997781	4514.85	1152.03	4.14	10	4535.37	2422.91	4.16	9	916	20.522	Before	0	72	441	500	1	4
372	189	183	0.97	500	2.65	1.45	1.98	6	2.73	1.8	2.05	7	375	0.014	After	541	72	441	500	1	4
474	237	237	1	1084850	4577.43	1193.52	4.12	10	4577.43	2450.05	4.12	10	976	19.314	Before	0	73	474	500	1	4
379	193	186	0.96	500	2.59	1.47	1.84	5	2.69	1.69	1.91	5	356	0.014	After	620	73	474	500	1	4
195	98	97	0.99	457441	4667.77	1227.18	1.79	6	4715.89	3152.18	1.8	6	175	48.121	Before	0	74	195	500	1	4
187	94	93	0.99	500	5.32	2.48	1.64	5	5.38	3.42	1.66	6	154	0.057	After	21	74	195	500	1	4
350	175	175	1	770921	4405.26	1360.02	1.65	6	4405.26	2906.46	1.65	4	289	25.173	Before	0	75	350	500	1	4
298	155	143	0.92	500	3.23	1.95	1.35	3	3.5	2.59	1.46	4	209	0.023	After	80	75	350	500	1	4
259	130	129	0.99	598645	4604.96	1154.85	4.25	9	4640.66	2723.44	4.28	10	552	35.697	Before	0	76	259	500	1	4
244	127	117	0.92	500	3.94	2.16	2.43	5	4.27	2.6	2.63	6	308	0.034	After	244	76	259	500	1	4
425	213	212	1	994011	4666.72	1184.33	4.44	11	4688.73	2375.43	4.46	10	945	22.013	Before	0	77	425	500	1	4
362	187	175	0.94	500	2.67	1.46	1.92	5	2.86	1.69	2.05	5	359	0.015	After	586	77	425	500	1	4
50	25	25	1	115699	4627.96	1359.26	1.52	3	4627.96	2920.1	1.52	4	38	185.118	Before	0	78	50	500	1	4
50	25	25	1	500	20	6.37	1.52	3	20	12.82	1.52	4	38	0.8	After	0	78	50	500	1	4
164	82	82	1	366462	4469.05	1219.82	1.89	6	4469.05	3137.03	1.89	5	155	54.501	Before	0	79	164	500	1	4
160	82	78	0.95	500	6.1	3.23	1.73	4	6.41	4.84	1.82	5	142	0.078	After	13	79	164	500	1	4
234	117	117	1	515671	4407.44	1380.49	1.75	6	4407.44	3336.93	1.75	5	205	37.67	Before	0	80	234	500	1	4
214	112	102	0.91	500	4.46	2.14	1.52	3	4.9	3.86	1.67	4	170	0.044	After	35	80	234	500	1	4
244	122	122	1	533466	4372.67	1241.7	4.21	9	4372.67	2213.5	4.21	9	514	35.842	Before	0	81	244	500	1	4
231	119	112	0.94	500	4.2	2.25	2.53	5	4.46	2.63	2.69	7	301	0.038	After	213	81	244	500	1	4
235	118	117	0.99	550121	4662.04	1138.55	4.52	8	4701.89	2363.24	4.56	10	533	39.847	Before	0	82	235	500	1	4
228	117	111	0.95	500	4.27	2.14	2.72	6	4.5	3.03	2.86	7	318	0.039	After	215	82	235	500	1	4
208	104	104	1	448364	4311.19	1111.03	4.11	8	4311.19	2362.83	4.11	8	427	41.454	Before	0	83	208	500	1	4
203	101	102	1.01	500	4.95	2.61	2.62	6	4.9	3.34	2.6	6	265	0.049	After	162	83	208	500	1	4
179	90	89	0.99	400797	4453.3	1204.53	2.51	6	4503.34	3233.17	2.54	6	226	50.037	Before	0	84	179	500	1	4
172	89	83	0.93	500	5.62	2.52	2.06	4	6.02	4.86	2.2	6	183	0.068	After	43	84	179	500	1	4
190	95	95	1	408316	4298.06	1153.86	4.2	10	4298.06	2531.41	4.2	9	399	45.243	Before	0	85	190	500	1	4
184	93	91	0.98	500	5.38	2.97	2.75	7	5.49	3.6	2.81	6	256	0.059	After	143	85	190	500	1	4
110	55	55	1	237219	4313.07	1131.05	3.49	8	4313.07	2776.51	3.49	7	192	78.42	Before	0	86	110	500	1	4
108	55	53	0.96	500	9.09	3.75	3.16	7	9.43	6.46	3.28	7	174	0.172	After	18	86	110	500	1	4
73	37	36	0.97	162648	4395.89	1265.09	1.81	4	4518	3074.43	1.86	4	67	122.108	Before	0	87	73	500	1	4
73	37	36	0.97	500	13.51	4.79	1.78	4	13.89	10.38	1.83	4	66	0.375	After	1	87	73	500	1	4
390	195	195	1	839200	4303.59	1120.92	2.55	7	4303.59	3112.36	2.55	7	497	22.07	Before	0	88	390	500	1	4
324	171	153	0.89	500	2.92	1.76	1.64	4	3.27	2.21	1.83	6	280	0.019	After	217	88	390	500	1	4
495	248	247	1	1105976	4459.58	1123.89	3.54	9	4477.64	2679.42	3.56	10	879	18.055	Before	0	89	495	500	1	4
413	216	197	0.91	500	2.31	1.21	1.7	5	2.54	1.59	1.87	6	368	0.012	After	511	89	495	500	1	4
193	97	96	0.99	426205	4393.87	1183.75	3.23	7	4439.64	2833.01	3.26	7	313	45.769	Before	0	90	193	500	1	4
183	97	86	0.89	500	5.15	2.51	2.46	5	5.81	4.26	2.78	7	239	0.06	After	74	90	193	500	1	4
228	114	114	1	519372	4555.89	1146	3.36	8	4555.89	2676.72	3.36	9	383	39.964	Before	0	91	228	500	1	4
218	112	106	0.95	500	4.46	2.68	2.22	5	4.72	3.41	2.35	7	249	0.042	After	134	91	228	500	1	4
48	24	24	1	108595	4524.79	947.14	2.33	7	4524.79	3603.57	2.33	5	56	188.533	Before	0	92	48	500	1	4
48	24	24	1	500	20.83	6	2.29	6	20.83	16.73	2.29	5	55	0.868	After	1	92	48	500	1	4
205	103	102	0.99	469943	4562.55	1054.07	3.24	8	4607.28	2514.95	3.27	7	334	44.731	Before	0	93	205	500	1	4
202	103	99	0.96	500	4.85	2.46	2.4	5	5.05	3.47	2.49	6	247	0.049	After	87	93	205	500	1	4
232	116	116	1	519144	4475.38	1145.48	4.47	9	4475.38	2568.08	4.47	12	518	38.581	Before	0	94	232	500	1	4
220	112	108	0.96	500	4.46	2.38	2.7	5	4.63	3.25	2.8	10	302	0.041	After	216	94	232	500	1	4
325	163	162	0.99	708077	4344.03	1395.5	1.74	5	4370.85	2876.06	1.75	4	283	26.815	Before	0	95	325	500	1	4
290	149	141	0.95	500	3.36	1.83	1.44	4	3.55	2.5	1.52	4	215	0.024	After	68	95	325	500	1	4
433	217	216	1	997536	4596.94	1031.34	2.43	7	4618.22	3039.86	2.44	6	527	21.282	Before	0	96	433	500	1	4
366	187	179	0.96	500	2.67	1.45	1.53	4	2.79	2.06	1.6	6	286	0.015	After	241	96	433	500	1	4
461	231	230	1	1027172	4446.63	1156.14	3.3	8	4465.97	2503.55	3.31	7	762	19.333	Before	0	97	461	500	1	4
381	197	184	0.93	500	2.54	1.56	1.77	5	2.72	1.75	1.9	5	349	0.014	After	413	97	461	500	1	4
408	204	204	1	937052	4593.39	1160.16	2.44	8	4593.39	2761.18	2.44	6	497	22.517	Before	0	98	408	500	1	4
350	179	171	0.96	500	2.79	1.53	1.59	4	2.92	1.96	1.67	5	285	0.016	After	212	98	408	500	1	4
50	25	25	1	113617	4544.68	1400.65	2.28	6	4544.68	3038.7	2.28	5	57	181.787	Before	0	99	50	500	1	4
49	25	24	0.96	500	20	9.15	2.2	4	20.83	12.33	2.29	5	55	0.833	After	2	99	50	500	1	4
25	13	12	0.92	57281	4406.23	1298.16	2.31	5	4773.42	3084.62	2.5	5	30	367.186	Before	0	100	25	500	1	4
25	13	12	0.92	500	38.46	14.03	2.31	5	41.67	28.34	2.5	5	30	3.205	After	0	100	25	500	1	4
